18 13
19 20
24 9
13 7
9 1
8 21
0 1
20 22
15 2
4 9
16 5
11 3
23 22
5 18
3 2
1 21
16 13
16 7
19 0
9 15
9 22
7 0
1 12
12 16
8 21
4 12
15 16
12 10
18 16
11 1
24 21
12 12
19 19
19 13
16 14
14 0
21 24
13 8
20 18
13 21
24 10
5 4
17 11
5 7
23 5
6 23
20 20
10 15
19 2
22 10
18 11
19 18
23 0
17 1
22 16
21 20
20 11
2 5
23 19
21 12
8 6
17 6
12 11
11 24
2 19
17 6
23 22
8 3
14 10
3 4
20 16
23 0
15 20
9 6
0 18
22 14
0 24
8 21
5 21
22 0
2 16
16 9
12 16
22 1
4 24
12 12
8 22
17 24
13 0
15 11
1 8
19 10
8 18
3 3
9 1
18 14
3 10
23 12
24 19
22 24
11 3
8 0
0 14
13 17
3 16
6 10
21 4
23 4
11 16
14 9
1 14
9 2
12 19
22 19
4 11
4 0
0 10
23 4
12 22
9 13
1 19
24 7
14 4
2 13
10 0
18 10
14 3
1 7
6 9
16 3
15 24
12 13
11 22
2 4
12 9
4 19
23 6
18 3
9 17
8 3
24 10
7 14
19 15
16 4
7 12
14 9
13 4
1 20
12 5
9 24
19 20
8 18
22 7
17 17
13 17
5 18
23 19
4 23
10 11
20 13
15 6
1 18
21 23
7 14
2 14
16 2
21 12
14 18
3 0
17 19
10 20
20 7
23 18
17 13
3 13
6 15
19 18
1 3
18 14
6 9
20 1
18 3
0 10
2 18
9 12
22 10
15 11
18 9
20 4
12 13
7 16
22 6
9 23
11 15
11 12
24 5
10 3
23 12
10 24
3 4
10 10
22 19
24 3
20 13
3 1
4 3
10 1
4 6
10 19
9 20
0 13
2 6
9 20
15 24
22 1
23 9
2 20
3 16
16 2
17 15
15 13
13 21
5 2
17 6
0 22
15 5
2 14
21 11
5 9
11 21
16 7
13 13
9 5
12 0
6 16
24 15
21 2
24 23
5 11
19 22
13 6
0 18
11 4
23 16
21 21
7 1
7 13
5 24
12 22
9 12
6 5
21 2
24 1
16 7
12 13
1 21
15 9
10 1
3 19
5 1
2 20
15 1
8 17
8 15
18 14
2 9
5 8
23 4
8 0
14 2
0 17
2 9
18 8
19 24
4 3
8 13
4 13
10 6
11 21
7 10
3 22
2 21
12 5
20 0
4 0
6 3
16 17
17 10
5 22
7 12
14 11
20 2
4 18
11 18
21 21
15 14
20 12
1 3
1 20
0 3
12 10
9 17
14 23
23 18
13 17
5 18
14 6
6 5
24 20
0 7
22 9
19 24
